26585
5980
11078
23288
1796
5049
570
3676
8519
7541
3196
8692
23299
343990
5557
10360
9246
4082
79962
23480
4225
5906
6048
26574
10097
129642
6513
3836
25970
10234
7096
6403
8780
1720
10694
1649
3236
1902
6809
261734
6406
25844
1521
64135
1660
6728
10900
23122
6261
22866
22995
1025
25898
256949
5153
27076
23426
23091
2021
2803
93164
5718
5375
9352
57794
10957
7156
7386
5118
4137
1508
5047
9445
7355
51741
5777
10240
6005
10917
1063
2703
8850
6155
9749
1368
27122
9878
5631
3181
3000
669
6347
905
80333
8029
9229
3983
23484
23093
55818
2691
7514
10199
2977
5635
9905
4793
1436
6727
6943
2984
4323
8330
5878
2675
10534
1803
4803
8883
10769
4291
2271
10507
9732
7270
8372
2516
2549
6741
23558
25813
11313
8787
2280
100129361
80350
7005
9188
22916
5596
1164
4670
3569
290
3605
2696
27286
10869
1445
7138
10556
9742
65979
23516
22913
8785
8558
8707
3654
10974
3385
51490
6344
11075
2247
9475
65117
285527
2764
3623
4680
3207
8418
26226
3959
7083
11334
2043
4898
10876
51606
5686
4495
590
6262
8772
3476
10298
653808
3801
1081
4760
9734
23120
8498
51742
333
7988
3068
26716
554
10158
6811
3708
4729
149111
102724200
5786
80055
10440
8454
9152
7520
22869
91754
399979
10929
9073
23052
4236
312
7637
10962
10474
3589
57150
400410
8674
23607
5717
6754
57030
23303
25822
23077
5688
9294
113251
6013
4303
23543
57050
8970
3578
5154
56242
1910
8427
8807
8451
11328
2671
3611
85360
5347
57493
3581
7443
9793
793
5435
8821
4318
64149
8857
653238
6632
9825
5613
1417
3937
10336
22849
6046
506
54541
3636
10610
64714
6578
22858
5412
6129
2581
8666
7718
5739
8844
5211
5422
1212
7554
9580
23102
5869
5995
10499
8634
51601
5453
